1 0.21484675282673865
2 0.13226120433371064
3 0.09949000534872439
4 0.07831247745450474
5 0.063193934795318
6 0.05144571044742702
7 0.04263617479133756
8 0.03555626733670842
9 0.029939484781013274
10 0.025303819984326993
11 0.02173230256365604
12 0.01890463100021146
13 0.016203836154889108
14 0.014158260047516575
15 0.012562660928190266
16 0.011037341559588522
17 0.009701715323473437
18 0.008688878384934012
19 0.0078365031781374
20 0.00698381699899245
21 0.006383018422001916
22 0.00573930566094063
23 0.005215628226338114
24 0.004742639284514821
25 0.0042870647941985
26 0.003917318672023684
27 0.003612254798303335
28 0.003333312601843444
29 0.0030497058201584713
30 0.0028220740611744803
31 0.002616832311270882
32 0.0023941761098603114
33 0.002237757018645902
34 0.0020813379274314927
35 0.0019162116104635976
36 0.0018123468461184432
37 0.0016898237408729615
38 0.0016030624556864403
39 0.0014662346224173747
40 0.0013850708395009516
41 0.0013374920702051173
42 0.0012218103566230892
43 0.0011577500528652993
44 0.001110171283569465
45 0.001062281541925292
46 9.836055377955791E-4
47 9.434901048598758E-4
48 8.797407734504247E-4
49 8.14125607950941E-4
50 8.082171333325041E-4
51 7.528640553282003E-4
52 7.687236450934783E-4
53 7.009316731556231E-4
54 6.564626273431767E-4
55 5.846280148769171E-4
56 6.203898349358775E-4
57 5.628599504932021E-4
58 5.373602179294218E-4
59 5.099946512756086E-4
60 4.975557573420571E-4
61 5.131043747589964E-4
62 4.334954535842673E-4
63 4.151480850322789E-4
64 4.3162961949423455E-4
65 4.0364210814374386E-4
66 3.837398778500616E-4
67 3.824959884567064E-4
68 3.601059793763139E-4
69 3.22167352878982E-4
70 3.100394312937694E-4
71 3.156369335638675E-4
72 3.084845695520754E-4
73 2.6246066199793515E-4
74 2.770763623698581E-4
75 2.7800927941487444E-4
76 2.5157662980607767E-4
77 2.615277449529188E-4
78 2.4722301692933464E-4
79 2.4908885101936735E-4
80 2.2763175898399114E-4
81 2.067966116452925E-4
82 2.155038373987785E-4
83 2.1177216921871306E-4
84 2.1612578209545606E-4
85 1.962235518017738E-4
86 1.9218091127336958E-4
87 1.7414451506972E-4
88 2.00266192330178E-4
89 1.719677086313485E-4
90 1.6201659348450735E-4
91 1.7943104499147937E-4
92 1.5393131242769892E-4
93 1.6419339992287886E-4
94 1.6450437227121765E-4
95 1.5517520182105408E-4
96 1.4677894841590687E-4
97 1.5330936773102135E-4
98 1.4273630788750265E-4
99 1.4273630788750265E-4
100 1.3869366735909844E-4
101 1.265657457738858E-4
102 1.3589491622404936E-4
103 1.3340713743733906E-4
104 1.1163907305362407E-4
105 1.2159018820046521E-4
106 1.1630365827870585E-4
107 1.0977323896359135E-4
108 1.066635154802035E-4
109 1.110171283569465E-4
110 9.982212381675021E-5
111 1.00133096165089E-4
112 9.266975980495814E-5
113 9.951115146841143E-5
114 1.0821837722189744E-4
115 9.391364919831329E-5
116 8.334058935479457E-5
117 8.48954510964885E-5
118 9.422462154665208E-5
119 1.0355379199681564E-4
120 9.1425870411603E-5
121 8.800517457987636E-5
122 8.956003632157028E-5
123 7.898697647805157E-5
124 7.960892117472915E-5
125 7.556628064632493E-5
126 7.027975072456557E-5
127 7.649919769134128E-5
128 7.027975072456557E-5
129 7.61882253430025E-5
130 7.307850185961464E-5
131 6.157252497107957E-5
132 6.654808254450014E-5
133 6.468224845446742E-5
134 5.87737738360305E-5
135 6.499322080280622E-5
136 6.685905489283892E-5
137 6.281641436443471E-5
138 6.406030375778986E-5
139 5.628599504932022E-5
140 5.8462801487691716E-5
141 5.87737738360305E-5
142 5.504210565596507E-5
143 5.9084746184369284E-5
144 5.286529921759357E-5
145 5.379821626260993E-5
146 6.001766322938564E-5
147 5.162140982423843E-5
148 6.281641436443471E-5
149 4.509099050912393E-5
150 4.975557573420571E-5
151 5.286529921759357E-5
152 4.5401962857462714E-5
153 4.415807346410757E-5
154 4.260321172241364E-5
155 5.566405035264264E-5
156 4.042640528404214E-5
157 4.042640528404214E-5
158 4.7889741644173E-5
159 4.478001816078514E-5
160 3.9182515890687E-5
161 3.824959884567064E-5
162 4.602390755414029E-5
163 4.229223937407486E-5
164 3.9493488239025784E-5
165 4.3225156419091215E-5
166 5.162140982423843E-5
167 3.70057094523155E-5
168 4.073737763238093E-5
169 4.198126702573607E-5
170 3.545084771062157E-5
171 3.1719179530556144E-5
172 3.358501362058886E-5
173 3.9804460587364574E-5
174 3.1408207182217354E-5
175 3.576182005896036E-5
176 2.985334544052343E-5
177 3.9493488239025784E-5
178 3.9804460587364574E-5
179 3.9182515890687E-5
180 3.327404127225007E-5
181 3.576182005896036E-5
182 3.234112422723371E-5
183 3.26520965755725E-5
184 3.1719179530556144E-5
185 2.892042839550707E-5
186 2.9231400743845858E-5
187 3.234112422723371E-5
188 3.26520965755725E-5
189 2.892042839550707E-5
190 3.4828903013944E-5
191 3.2963068923911286E-5
192 3.7627654148993075E-5
193 2.5810704912119214E-5
194 3.1408207182217354E-5
195 2.5499732563780427E-5
196 3.078626248553979E-5
197 2.5188760215441643E-5
198 3.109723483387857E-5
199 2.1457092035376216E-5
200 3.1719179530556144E-5
201 2.5810704912119214E-5
202 2.4877787867102856E-5
203 2.892042839550707E-5
204 2.4566815518764073E-5
205 2.6432649608796785E-5
206 2.5499732563780427E-5
207 2.8609456047168287E-5
208 2.5810704912119214E-5
209 2.5810704912119214E-5
210 2.239000908039257E-5
211 2.892042839550707E-5
212 2.4877787867102856E-5
213 2.239000908039257E-5
214 2.5499732563780427E-5
215 2.767653900215193E-5
216 2.1457092035376216E-5
217 2.82984836988295E-5
218 2.2079036732053786E-5
219 2.3633898473747715E-5
220 2.3633898473747715E-5
221 2.3011953777070144E-5
222 2.5499732563780427E-5
223 2.4566815518764073E-5
224 2.1768064383715E-5
225 1.52376450686005E-5
226 1.7414451506972E-5
227 1.834736855198836E-5
228 2.4255843170425286E-5
229 2.2079036732053786E-5
230 2.239000908039257E-5
231 2.083514733869864E-5
232 2.1457092035376216E-5
233 1.7725423855310784E-5
234 1.9280285597004713E-5
235 1.6481534461955643E-5
236 2.114611968703743E-5
237 1.3993755675245357E-5
238 1.4926672720261714E-5
239 1.896931324866593E-5
240 1.4615700371922929E-5
241 1.52376450686005E-5
242 1.4304728023584144E-5
243 1.5548617416939285E-5
244 1.6170562113616856E-5
245 1.9280285597004713E-5
246 1.896931324866593E-5
247 2.2079036732053786E-5
248 2.083514733869864E-5
249 1.4926672720261714E-5
250 1.6481534461955643E-5
251 1.95912579453435E-5
252 1.95912579453435E-5
253 1.5859589765278072E-5
254 1.3682783326906571E-5
255 1.8658340900327142E-5
256 1.3993755675245357E-5
257 1.3993755675245357E-5
258 1.803639620364957E-5
259 1.7725423855310784E-5
260 1.4926672720261714E-5
261 1.5548617416939285E-5
262 1.2127921585212643E-5
263 1.6170562113616856E-5
264 1.5548617416939285E-5
265 1.4304728023584144E-5
266 1.7725423855310784E-5
267 1.52376450686005E-5
268 1.3682783326906571E-5
269 1.2127921585212643E-5
270 1.6170562113616856E-5
271 1.3682783326906571E-5
272 9.329170450163571E-6
273 1.7414451506972E-5
274 1.7725423855310784E-5
275 1.3682783326906571E-5
276 1.52376450686005E-5
277 1.2127921585212643E-5
278 1.1816949236873857E-5
279 1.3060838630229E-5
280 1.6170562113616856E-5
281 1.6481534461955643E-5
282 1.1195004540196285E-5
283 1.52376450686005E-5
284 1.3371810978567786E-5
285 1.7103479158633214E-5
286 1.2749866281890213E-5
287 1.5859589765278072E-5
288 9.018198101824786E-6
289 1.3371810978567786E-5
290 1.3060838630229E-5
291 9.018198101824786E-6
292 9.329170450163571E-6
293 1.2127921585212643E-5
294 9.329170450163571E-6
295 9.329170450163571E-6
296 1.0262087495179929E-5
297 1.3060838630229E-5
298 1.0262087495179929E-5
299 1.2438893933551428E-5
300 6.5304193151145E-6
301 8.707225753486E-6
302 9.951115146841144E-6
303 1.4615700371922929E-5
304 1.1195004540196285E-5
305 8.707225753486E-6
306 9.951115146841144E-6
307 7.463336360130857E-6
308 9.018198101824786E-6
309 1.1195004540196285E-5
310 1.0573059843518714E-5
311 1.08840321918575E-5
312 1.3993755675245357E-5
313 9.951115146841144E-6
314 1.3371810978567786E-5
315 8.707225753486E-6
316 9.329170450163571E-6
317 1.0573059843518714E-5
318 9.329170450163571E-6
319 1.1505976888535072E-5
320 1.3371810978567786E-5
321 1.1505976888535072E-5
322 1.3060838630229E-5
323 1.1505976888535072E-5
324 1.0262087495179929E-5
325 8.085281056808428E-6
326 7.463336360130857E-6
327 9.329170450163571E-6
328 1.1816949236873857E-5
329 1.4926672720261714E-5
330 9.329170450163571E-6
331 1.3682783326906571E-5
332 8.396253405147215E-6
333 7.774308708469643E-6
334 8.396253405147215E-6
335 1.1505976888535072E-5
336 1.3993755675245357E-5
337 8.707225753486E-6
338 9.018198101824786E-6
339 1.0573059843518714E-5
340 9.329170450163571E-6
341 1.1816949236873857E-5
342 9.640142798502356E-6
343 1.1505976888535072E-5
344 9.640142798502356E-6
345 8.396253405147215E-6
346 7.774308708469643E-6
347 6.5304193151145E-6
348 7.774308708469643E-6
349 7.463336360130857E-6
350 9.018198101824786E-6
351 7.463336360130857E-6
352 4.975557573420572E-6
353 9.329170450163571E-6
354 6.219446966775714E-6
355 6.5304193151145E-6
356 7.774308708469643E-6
357 8.396253405147215E-6
358 9.018198101824786E-6
359 8.396253405147215E-6
360 7.152364011792072E-6
361 1.0262087495179929E-5
362 8.707225753486E-6
363 8.085281056808428E-6
364 6.841391663453286E-6
365 9.329170450163571E-6
366 9.018198101824786E-6
367 7.463336360130857E-6
368 6.5304193151145E-6
369 9.640142798502356E-6
370 6.5304193151145E-6
371 6.5304193151145E-6
372 7.152364011792072E-6
373 6.219446966775714E-6
374 4.975557573420572E-6
375 7.463336360130857E-6
376 5.5975022700981425E-6
377 7.152364011792072E-6
378 7.774308708469643E-6
379 4.975557573420572E-6
380 8.396253405147215E-6
381 8.396253405147215E-6
382 6.841391663453286E-6
383 6.5304193151145E-6
384 1.0573059843518714E-5
385 8.707225753486E-6
386 6.841391663453286E-6
387 8.396253405147215E-6
388 6.5304193151145E-6
389 9.329170450163571E-6
390 7.774308708469643E-6
391 6.5304193151145E-6
392 7.774308708469643E-6
393 8.085281056808428E-6
394 8.085281056808428E-6
395 6.219446966775714E-6
396 7.463336360130857E-6
397 9.640142798502356E-6
398 4.975557573420572E-6
399 5.908474618436929E-6
400 5.908474618436929E-6
401 8.396253405147215E-6
402 7.774308708469643E-6
403 8.085281056808428E-6
404 6.219446966775714E-6
405 1.1195004540196285E-5
406 6.841391663453286E-6
407 8.396253405147215E-6
408 9.951115146841144E-6
409 3.7316681800654286E-6
410 4.6645852250817855E-6
411 5.5975022700981425E-6
412 5.908474618436929E-6
413 5.286529921759357E-6
414 4.042640528404214E-6
415 5.908474618436929E-6
416 6.5304193151145E-6
417 7.774308708469643E-6
418 7.152364011792072E-6
419 4.6645852250817855E-6
420 6.219446966775714E-6
421 6.841391663453286E-6
422 7.774308708469643E-6
423 6.5304193151145E-6
424 6.219446966775714E-6
425 5.908474618436929E-6
426 4.975557573420572E-6
427 8.085281056808428E-6
428 5.908474618436929E-6
429 5.5975022700981425E-6
430 7.463336360130857E-6
431 4.353612876743E-6
432 5.908474618436929E-6
433 6.5304193151145E-6
434 6.5304193151145E-6
435 5.286529921759357E-6
436 3.7316681800654286E-6
437 5.5975022700981425E-6
438 7.774308708469643E-6
439 5.908474618436929E-6
440 6.5304193151145E-6
441 5.5975022700981425E-6
442 4.042640528404214E-6
443 8.085281056808428E-6
444 4.975557573420572E-6
445 5.5975022700981425E-6
446 5.5975022700981425E-6
447 4.353612876743E-6
448 4.042640528404214E-6
449 4.975557573420572E-6
450 4.975557573420572E-6
451 4.042640528404214E-6
452 7.463336360130857E-6
453 4.353612876743E-6
454 5.5975022700981425E-6
455 2.487778786710286E-6
456 3.7316681800654286E-6
457 4.042640528404214E-6
458 4.042640528404214E-6
459 3.109723483387857E-6
460 7.152364011792072E-6
461 5.286529921759357E-6
462 7.152364011792072E-6
463 4.353612876743E-6
464 3.420695831726643E-6
465 4.042640528404214E-6
466 5.908474618436929E-6
467 5.286529921759357E-6
468 6.841391663453286E-6
469 6.841391663453286E-6
470 4.6645852250817855E-6
471 4.353612876743E-6
472 3.109723483387857E-6
473 5.908474618436929E-6
474 5.286529921759357E-6
475 4.353612876743E-6
476 4.975557573420572E-6
477 4.042640528404214E-6
478 4.042640528404214E-6
479 4.6645852250817855E-6
480 6.219446966775714E-6
481 3.7316681800654286E-6
482 4.353612876743E-6
483 3.7316681800654286E-6
484 3.7316681800654286E-6
485 4.353612876743E-6
486 4.6645852250817855E-6
487 3.420695831726643E-6
488 4.6645852250817855E-6
489 4.975557573420572E-6
490 4.353612876743E-6
491 2.7987511350490712E-6
492 2.487778786710286E-6
493 4.353612876743E-6
494 4.975557573420572E-6
495 2.7987511350490712E-6
496 3.109723483387857E-6
497 4.6645852250817855E-6
498 3.420695831726643E-6
499 4.353612876743E-6
500 2.7987511350490712E-6
501 6.841391663453286E-6
502 4.042640528404214E-6
503 3.109723483387857E-6
504 1.5548617416939285E-6
505 4.353612876743E-6
506 5.5975022700981425E-6
507 5.286529921759357E-6
508 2.487778786710286E-6
509 9.329170450163572E-7
510 2.7987511350490712E-6
511 4.975557573420572E-6
512 4.353612876743E-6
513 3.420695831726643E-6
514 3.109723483387857E-6
515 3.109723483387857E-6
516 1.8658340900327143E-6
517 4.353612876743E-6
518 1.8658340900327143E-6
519 2.1768064383715E-6
520 3.109723483387857E-6
521 3.420695831726643E-6
522 2.487778786710286E-6
523 5.286529921759357E-6
524 3.7316681800654286E-6
525 2.1768064383715E-6
526 5.5975022700981425E-6
527 3.109723483387857E-6
528 4.6645852250817855E-6
529 3.7316681800654286E-6
530 4.975557573420572E-6
531 4.353612876743E-6
532 2.487778786710286E-6
533 2.7987511350490712E-6
534 2.487778786710286E-6
535 3.420695831726643E-6
536 2.1768064383715E-6
537 2.7987511350490712E-6
538 3.420695831726643E-6
539 3.420695831726643E-6
540 1.8658340900327143E-6
541 4.042640528404214E-6
542 3.420695831726643E-6
543 4.6645852250817855E-6
544 3.7316681800654286E-6
545 3.109723483387857E-6
546 3.420695831726643E-6
547 3.420695831726643E-6
548 9.329170450163572E-7
549 2.487778786710286E-6
550 2.1768064383715E-6
551 1.243889393355143E-6
552 1.5548617416939285E-6
553 4.042640528404214E-6
554 2.1768064383715E-6
555 3.109723483387857E-6
556 1.243889393355143E-6
557 2.7987511350490712E-6
558 2.7987511350490712E-6
559 2.1768064383715E-6
560 4.042640528404214E-6
561 3.420695831726643E-6
562 2.1768064383715E-6
563 4.975557573420572E-6
564 3.420695831726643E-6
565 3.420695831726643E-6
566 1.243889393355143E-6
567 1.5548617416939285E-6
568 1.8658340900327143E-6
569 2.7987511350490712E-6
570 2.487778786710286E-6
571 2.7987511350490712E-6
572 1.8658340900327143E-6
573 1.5548617416939285E-6
574 3.420695831726643E-6
575 3.109723483387857E-6
576 3.420695831726643E-6
577 3.7316681800654286E-6
578 1.5548617416939285E-6
579 2.1768064383715E-6
580 3.420695831726643E-6
581 2.1768064383715E-6
582 3.420695831726643E-6
583 3.420695831726643E-6
584 1.5548617416939285E-6
585 1.8658340900327143E-6
586 2.1768064383715E-6
587 1.5548617416939285E-6
588 1.243889393355143E-6
589 2.1768064383715E-6
590 2.487778786710286E-6
591 1.8658340900327143E-6
592 2.1768064383715E-6
593 2.7987511350490712E-6
594 2.487778786710286E-6
595 1.5548617416939285E-6
596 3.109723483387857E-6
597 1.5548617416939285E-6
598 3.109723483387857E-6
599 1.5548617416939285E-6
600 2.487778786710286E-6
601 1.243889393355143E-6
602 1.8658340900327143E-6
603 3.420695831726643E-6
604 3.1097234833878574E-7
605 4.042640528404214E-6
606 1.243889393355143E-6
607 2.1768064383715E-6
608 3.420695831726643E-6
609 1.5548617416939285E-6
610 2.487778786710286E-6
611 1.5548617416939285E-6
612 2.487778786710286E-6
613 2.487778786710286E-6
614 4.042640528404214E-6
615 1.243889393355143E-6
616 2.1768064383715E-6
617 1.8658340900327143E-6
618 1.8658340900327143E-6
619 1.8658340900327143E-6
620 1.8658340900327143E-6
621 1.8658340900327143E-6
622 2.7987511350490712E-6
623 2.487778786710286E-6
624 2.1768064383715E-6
625 9.329170450163572E-7
626 2.1768064383715E-6
627 9.329170450163572E-7
628 3.109723483387857E-6
629 1.5548617416939285E-6
630 1.8658340900327143E-6
631 1.8658340900327143E-6
632 2.487778786710286E-6
633 1.8658340900327143E-6
634 2.7987511350490712E-6
635 2.1768064383715E-6
636 1.5548617416939285E-6
637 2.1768064383715E-6
638 2.487778786710286E-6
639 1.243889393355143E-6
640 2.1768064383715E-6
641 1.243889393355143E-6
642 2.487778786710286E-6
643 2.487778786710286E-6
644 2.7987511350490712E-6
645 1.243889393355143E-6
646 2.1768064383715E-6
647 2.1768064383715E-6
648 3.109723483387857E-6
649 1.5548617416939285E-6
650 2.487778786710286E-6
651 2.7987511350490712E-6
652 1.5548617416939285E-6
653 1.5548617416939285E-6
654 1.5548617416939285E-6
655 1.243889393355143E-6
656 1.8658340900327143E-6
657 1.243889393355143E-6
658 9.329170450163572E-7
659 2.487778786710286E-6
660 6.219446966775715E-7
661 1.8658340900327143E-6
662 2.1768064383715E-6
663 2.487778786710286E-6
664 9.329170450163572E-7
665 2.1768064383715E-6
666 1.5548617416939285E-6
667 1.5548617416939285E-6
668 2.487778786710286E-6
669 2.487778786710286E-6
670 9.329170450163572E-7
671 2.487778786710286E-6
672 1.8658340900327143E-6
673 3.109723483387857E-6
674 2.1768064383715E-6
675 1.243889393355143E-6
676 1.243889393355143E-6
677 1.5548617416939285E-6
678 2.1768064383715E-6
679 2.7987511350490712E-6
680 9.329170450163572E-7
681 1.5548617416939285E-6
682 2.487778786710286E-6
683 2.487778786710286E-6
684 1.8658340900327143E-6
685 2.7987511350490712E-6
686 1.5548617416939285E-6
687 1.5548617416939285E-6
688 1.243889393355143E-6
689 1.5548617416939285E-6
690 3.109723483387857E-6
691 1.5548617416939285E-6
692 1.243889393355143E-6
693 2.487778786710286E-6
694 2.1768064383715E-6
695 1.243889393355143E-6
696 4.042640528404214E-6
697 1.8658340900327143E-6
698 9.329170450163572E-7
699 1.243889393355143E-6
700 1.243889393355143E-6
701 2.1768064383715E-6
702 2.7987511350490712E-6
703 1.8658340900327143E-6
704 1.8658340900327143E-6
705 3.1097234833878574E-7
706 1.8658340900327143E-6
707 1.243889393355143E-6
708 1.243889393355143E-6
709 2.7987511350490712E-6
710 2.1768064383715E-6
711 1.243889393355143E-6
712 1.243889393355143E-6
713 2.1768064383715E-6
714 1.243889393355143E-6
715 1.243889393355143E-6
716 1.243889393355143E-6
717 1.8658340900327143E-6
718 1.5548617416939285E-6
719 1.5548617416939285E-6
720 1.5548617416939285E-6
721 1.243889393355143E-6
722 6.219446966775715E-7
723 9.329170450163572E-7
724 6.219446966775715E-7
725 9.329170450163572E-7
726 2.487778786710286E-6
727 1.243889393355143E-6
728 3.420695831726643E-6
729 9.329170450163572E-7
730 1.243889393355143E-6
731 2.487778786710286E-6
732 1.5548617416939285E-6
733 1.8658340900327143E-6
734 1.5548617416939285E-6
735 2.1768064383715E-6
736 9.329170450163572E-7
737 2.1768064383715E-6
738 9.329170450163572E-7
739 3.109723483387857E-6
740 1.8658340900327143E-6
741 3.1097234833878574E-7
742 1.243889393355143E-6
743 1.5548617416939285E-6
744 3.109723483387857E-6
745 2.487778786710286E-6
746 1.243889393355143E-6
747 1.243889393355143E-6
748 1.243889393355143E-6
749 2.1768064383715E-6
750 3.420695831726643E-6
751 6.219446966775715E-7
752 1.5548617416939285E-6
753 1.8658340900327143E-6
754 1.243889393355143E-6
755 1.8658340900327143E-6
756 1.8658340900327143E-6
757 9.329170450163572E-7
758 1.5548617416939285E-6
759 1.8658340900327143E-6
760 3.109723483387857E-6
761 2.487778786710286E-6
762 3.420695831726643E-6
763 1.5548617416939285E-6
764 3.420695831726643E-6
765 1.5548617416939285E-6
766 1.8658340900327143E-6
767 1.5548617416939285E-6
768 1.8658340900327143E-6
769 9.329170450163572E-7
770 1.5548617416939285E-6
771 6.219446966775715E-7
772 1.8658340900327143E-6
773 1.5548617416939285E-6
774 1.5548617416939285E-6
775 1.5548617416939285E-6
776 1.243889393355143E-6
777 2.1768064383715E-6
778 9.329170450163572E-7
779 1.5548617416939285E-6
780 6.219446966775715E-7
781 2.7987511350490712E-6
782 1.5548617416939285E-6
783 2.487778786710286E-6
784 1.243889393355143E-6
785 1.243889393355143E-6
786 3.1097234833878574E-7
787 1.243889393355143E-6
788 1.8658340900327143E-6
789 2.1768064383715E-6
790 1.5548617416939285E-6
791 2.1768064383715E-6
792 3.1097234833878574E-7
793 1.243889393355143E-6
794 9.329170450163572E-7
795 1.8658340900327143E-6
796 6.219446966775715E-7
797 1.243889393355143E-6
798 1.5548617416939285E-6
799 1.8658340900327143E-6
800 9.329170450163572E-7
801 9.329170450163572E-7
802 9.329170450163572E-7
803 6.219446966775715E-7
804 1.243889393355143E-6
805 2.487778786710286E-6
806 1.5548617416939285E-6
807 1.243889393355143E-6
808 1.243889393355143E-6
809 3.1097234833878574E-7
810 1.5548617416939285E-6
811 9.329170450163572E-7
812 1.8658340900327143E-6
813 6.219446966775715E-7
814 9.329170450163572E-7
815 2.1768064383715E-6
816 6.219446966775715E-7
817 1.243889393355143E-6
818 1.243889393355143E-6
819 9.329170450163572E-7
820 1.8658340900327143E-6
821 9.329170450163572E-7
822 3.1097234833878574E-7
823 1.8658340900327143E-6
824 6.219446966775715E-7
825 2.1768064383715E-6
826 1.243889393355143E-6
827 6.219446966775715E-7
828 1.8658340900327143E-6
829 6.219446966775715E-7
830 3.1097234833878574E-7
832 1.243889393355143E-6
833 3.1097234833878574E-7
834 1.243889393355143E-6
835 6.219446966775715E-7
836 1.243889393355143E-6
837 1.243889393355143E-6
838 9.329170450163572E-7
839 9.329170450163572E-7
840 1.5548617416939285E-6
841 2.7987511350490712E-6
842 1.243889393355143E-6
843 3.1097234833878574E-7
845 1.243889393355143E-6
846 6.219446966775715E-7
847 3.1097234833878574E-7
848 9.329170450163572E-7
849 6.219446966775715E-7
850 1.243889393355143E-6
851 6.219446966775715E-7
853 3.1097234833878574E-7
854 1.5548617416939285E-6
855 1.5548617416939285E-6
856 1.243889393355143E-6
857 1.5548617416939285E-6
858 1.5548617416939285E-6
859 3.1097234833878574E-7
861 6.219446966775715E-7
862 1.8658340900327143E-6
863 3.1097234833878574E-7
864 1.8658340900327143E-6
865 1.5548617416939285E-6
866 1.243889393355143E-6
867 1.8658340900327143E-6
868 6.219446966775715E-7
869 6.219446966775715E-7
870 6.219446966775715E-7
871 9.329170450163572E-7
872 1.5548617416939285E-6
873 1.243889393355143E-6
874 1.243889393355143E-6
875 1.8658340900327143E-6
876 3.1097234833878574E-7
877 9.329170450163572E-7
878 1.5548617416939285E-6
879 6.219446966775715E-7
880 1.243889393355143E-6
881 9.329170450163572E-7
882 6.219446966775715E-7
883 6.219446966775715E-7
884 3.1097234833878574E-7
885 6.219446966775715E-7
886 9.329170450163572E-7
887 1.5548617416939285E-6
888 3.1097234833878574E-7
889 3.1097234833878574E-7
890 6.219446966775715E-7
891 3.1097234833878574E-7
892 9.329170450163572E-7
893 1.243889393355143E-6
894 3.1097234833878574E-7
895 1.8658340900327143E-6
896 9.329170450163572E-7
897 6.219446966775715E-7
898 6.219446966775715E-7
899 1.243889393355143E-6
900 9.329170450163572E-7
901 1.243889393355143E-6
902 9.329170450163572E-7
903 9.329170450163572E-7
904 6.219446966775715E-7
905 6.219446966775715E-7
906 3.1097234833878574E-7
907 1.243889393355143E-6
908 3.1097234833878574E-7
909 1.243889393355143E-6
910 9.329170450163572E-7
911 1.5548617416939285E-6
912 6.219446966775715E-7
913 3.1097234833878574E-7
914 9.329170450163572E-7
915 3.1097234833878574E-7
916 9.329170450163572E-7
917 9.329170450163572E-7
918 1.243889393355143E-6
919 1.243889393355143E-6
920 9.329170450163572E-7
921 9.329170450163572E-7
922 6.219446966775715E-7
923 6.219446966775715E-7
924 9.329170450163572E-7
925 6.219446966775715E-7
926 2.487778786710286E-6
927 6.219446966775715E-7
928 9.329170450163572E-7
929 9.329170450163572E-7
930 3.1097234833878574E-7
931 9.329170450163572E-7
932 1.5548617416939285E-6
933 6.219446966775715E-7
935 1.5548617416939285E-6
936 6.219446966775715E-7
937 6.219446966775715E-7
938 3.1097234833878574E-7
939 6.219446966775715E-7
940 1.243889393355143E-6
941 1.8658340900327143E-6
942 1.5548617416939285E-6
943 9.329170450163572E-7
944 3.1097234833878574E-7
945 9.329170450163572E-7
946 9.329170450163572E-7
947 1.243889393355143E-6
948 1.243889393355143E-6
949 6.219446966775715E-7
950 1.243889393355143E-6
951 1.243889393355143E-6
952 1.5548617416939285E-6
953 3.1097234833878574E-7
954 6.219446966775715E-7
955 1.243889393355143E-6
956 1.243889393355143E-6
957 9.329170450163572E-7
958 6.219446966775715E-7
959 6.219446966775715E-7
960 6.219446966775715E-7
961 3.1097234833878574E-7
962 9.329170450163572E-7
963 1.243889393355143E-6
964 3.1097234833878574E-7
965 1.243889393355143E-6
966 6.219446966775715E-7
967 1.243889393355143E-6
968 6.219446966775715E-7
969 6.219446966775715E-7
970 9.329170450163572E-7
971 6.219446966775715E-7
972 1.243889393355143E-6
974 6.219446966775715E-7
976 1.243889393355143E-6
977 9.329170450163572E-7
978 6.219446966775715E-7
979 1.5548617416939285E-6
980 9.329170450163572E-7
981 9.329170450163572E-7
982 6.219446966775715E-7
983 1.243889393355143E-6
984 3.1097234833878574E-7
985 1.8658340900327143E-6
986 1.243889393355143E-6
987 3.1097234833878574E-7
988 3.1097234833878574E-7
989 3.1097234833878574E-7
990 9.329170450163572E-7
991 9.329170450163572E-7
992 6.219446966775715E-7
993 9.329170450163572E-7
994 9.329170450163572E-7
995 6.219446966775715E-7
996 6.219446966775715E-7
997 6.219446966775715E-7
998 6.219446966775715E-7
999 6.219446966775715E-7
1000 1.243889393355143E-6
1001 3.1097234833878574E-7
1002 1.243889393355143E-6
1003 1.243889393355143E-6
1004 9.329170450163572E-7
1005 9.329170450163572E-7
1008 9.329170450163572E-7
1009 9.329170450163572E-7
1010 3.1097234833878574E-7
1011 6.219446966775715E-7
1012 9.329170450163572E-7
1013 6.219446966775715E-7
1016 1.5548617416939285E-6
1017 6.219446966775715E-7
1018 1.243889393355143E-6
1019 1.243889393355143E-6
1020 3.1097234833878574E-7
1021 9.329170450163572E-7
1022 6.219446966775715E-7
1023 3.1097234833878574E-7
1024 9.329170450163572E-7
1025 1.243889393355143E-6
1026 3.1097234833878574E-7
1027 1.243889393355143E-6
1028 6.219446966775715E-7
1029 3.1097234833878574E-7
1030 6.219446966775715E-7
1031 9.329170450163572E-7
1032 1.243889393355143E-6
1033 3.1097234833878574E-7
1034 1.243889393355143E-6
1035 1.5548617416939285E-6
1036 6.219446966775715E-7
1038 3.1097234833878574E-7
1040 6.219446966775715E-7
1041 1.243889393355143E-6
1042 6.219446966775715E-7
1045 9.329170450163572E-7
1046 3.1097234833878574E-7
1047 9.329170450163572E-7
1048 3.1097234833878574E-7
1049 6.219446966775715E-7
1050 9.329170450163572E-7
1052 6.219446966775715E-7
1053 6.219446966775715E-7
1054 6.219446966775715E-7
1055 3.1097234833878574E-7
1056 3.1097234833878574E-7
1057 3.1097234833878574E-7
1058 9.329170450163572E-7
1060 3.1097234833878574E-7
1061 6.219446966775715E-7
1062 3.1097234833878574E-7
1063 1.8658340900327143E-6
1064 3.1097234833878574E-7
1065 1.243889393355143E-6
1066 6.219446966775715E-7
1067 6.219446966775715E-7
1068 3.1097234833878574E-7
1069 1.243889393355143E-6
1070 3.1097234833878574E-7
1071 3.1097234833878574E-7
1072 3.1097234833878574E-7
1073 6.219446966775715E-7
1074 3.1097234833878574E-7
1075 3.1097234833878574E-7
1077 6.219446966775715E-7
1078 3.1097234833878574E-7
1079 6.219446966775715E-7
1080 9.329170450163572E-7
1082 9.329170450163572E-7
1083 3.1097234833878574E-7
1084 1.243889393355143E-6
1085 1.243889393355143E-6
1086 1.243889393355143E-6
1087 3.1097234833878574E-7
1088 6.219446966775715E-7
1089 6.219446966775715E-7
1090 9.329170450163572E-7
1091 3.1097234833878574E-7
1092 9.329170450163572E-7
1093 1.243889393355143E-6
1094 3.1097234833878574E-7
1095 6.219446966775715E-7
1096 1.243889393355143E-6
1099 6.219446966775715E-7
1101 1.243889393355143E-6
1102 6.219446966775715E-7
1103 3.1097234833878574E-7
1104 3.1097234833878574E-7
1105 1.243889393355143E-6
1106 3.1097234833878574E-7
1108 6.219446966775715E-7
1109 1.8658340900327143E-6
1110 3.1097234833878574E-7
1111 1.243889393355143E-6
1112 3.1097234833878574E-7
1113 6.219446966775715E-7
1114 3.1097234833878574E-7
1116 3.1097234833878574E-7
1117 3.1097234833878574E-7
1118 6.219446966775715E-7
1120 6.219446966775715E-7
1121 6.219446966775715E-7
1122 6.219446966775715E-7
1123 1.5548617416939285E-6
1124 9.329170450163572E-7
1125 6.219446966775715E-7
1126 9.329170450163572E-7
1127 9.329170450163572E-7
1128 3.1097234833878574E-7
1129 3.1097234833878574E-7
1130 3.1097234833878574E-7
1131 9.329170450163572E-7
1132 6.219446966775715E-7
1133 3.1097234833878574E-7
1134 6.219446966775715E-7
1135 9.329170450163572E-7
1136 1.243889393355143E-6
1137 6.219446966775715E-7
1138 6.219446966775715E-7
1141 6.219446966775715E-7
1143 3.1097234833878574E-7
1145 1.5548617416939285E-6
1147 1.5548617416939285E-6
1148 3.1097234833878574E-7
1149 6.219446966775715E-7
1150 9.329170450163572E-7
1151 3.1097234833878574E-7
1152 3.1097234833878574E-7
1153 6.219446966775715E-7
1154 3.1097234833878574E-7
1155 9.329170450163572E-7
1156 1.243889393355143E-6
1157 6.219446966775715E-7
1158 3.1097234833878574E-7
1159 6.219446966775715E-7
1162 9.329170450163572E-7
1163 6.219446966775715E-7
1164 3.1097234833878574E-7
1165 6.219446966775715E-7
1166 9.329170450163572E-7
1167 6.219446966775715E-7
1168 3.1097234833878574E-7
1169 3.1097234833878574E-7
1170 3.1097234833878574E-7
1172 3.1097234833878574E-7
1173 3.1097234833878574E-7
1174 6.219446966775715E-7
1176 6.219446966775715E-7
1177 9.329170450163572E-7
1178 6.219446966775715E-7
1179 9.329170450163572E-7
1181 3.1097234833878574E-7
1182 3.1097234833878574E-7
1183 6.219446966775715E-7
1184 6.219446966775715E-7
1186 3.1097234833878574E-7
1187 3.1097234833878574E-7
1188 3.1097234833878574E-7
1190 3.1097234833878574E-7
1191 3.1097234833878574E-7
1192 9.329170450163572E-7
1193 3.1097234833878574E-7
1194 1.243889393355143E-6
1195 6.219446966775715E-7
1196 3.1097234833878574E-7
1197 3.1097234833878574E-7
1198 9.329170450163572E-7
1199 9.329170450163572E-7
1200 9.329170450163572E-7
1201 6.219446966775715E-7
1202 3.1097234833878574E-7
1204 9.329170450163572E-7
1205 6.219446966775715E-7
1206 1.243889393355143E-6
1207 3.1097234833878574E-7
1208 3.1097234833878574E-7
1209 3.1097234833878574E-7
1211 3.1097234833878574E-7
1213 6.219446966775715E-7
1215 6.219446966775715E-7
1216 3.1097234833878574E-7
1217 3.1097234833878574E-7
1218 6.219446966775715E-7
1219 1.243889393355143E-6
1220 3.1097234833878574E-7
1221 3.1097234833878574E-7
1222 6.219446966775715E-7
1223 3.1097234833878574E-7
1224 3.1097234833878574E-7
1225 6.219446966775715E-7
1226 9.329170450163572E-7
1227 1.8658340900327143E-6
1228 3.1097234833878574E-7
1229 9.329170450163572E-7
1232 1.243889393355143E-6
1233 9.329170450163572E-7
1235 3.1097234833878574E-7
1236 9.329170450163572E-7
1239 1.243889393355143E-6
1240 6.219446966775715E-7
1241 6.219446966775715E-7
1243 3.1097234833878574E-7
1244 3.1097234833878574E-7
1247 6.219446966775715E-7
1249 1.243889393355143E-6
1250 3.1097234833878574E-7
1252 3.1097234833878574E-7
1253 3.1097234833878574E-7
1254 3.1097234833878574E-7
1255 3.1097234833878574E-7
1256 6.219446966775715E-7
1257 9.329170450163572E-7
1258 6.219446966775715E-7
1259 6.219446966775715E-7
1260 3.1097234833878574E-7
1261 3.1097234833878574E-7
1263 6.219446966775715E-7
1264 3.1097234833878574E-7
1267 3.1097234833878574E-7
1268 6.219446966775715E-7
1269 3.1097234833878574E-7
1270 3.1097234833878574E-7
1271 6.219446966775715E-7
1273 9.329170450163572E-7
1274 3.1097234833878574E-7
1275 6.219446966775715E-7
1277 6.219446966775715E-7
1278 3.1097234833878574E-7
1279 6.219446966775715E-7
1280 3.1097234833878574E-7
1281 3.1097234833878574E-7
1282 6.219446966775715E-7
1283 3.1097234833878574E-7
1284 9.329170450163572E-7
1287 3.1097234833878574E-7
1290 3.1097234833878574E-7
1291 6.219446966775715E-7
1292 9.329170450163572E-7
1293 3.1097234833878574E-7
1294 6.219446966775715E-7
1295 6.219446966775715E-7
1296 6.219446966775715E-7
1297 1.5548617416939285E-6
1302 6.219446966775715E-7
1308 3.1097234833878574E-7
1309 6.219446966775715E-7
1310 3.1097234833878574E-7
1311 3.1097234833878574E-7
1312 6.219446966775715E-7
1313 6.219446966775715E-7
1314 9.329170450163572E-7
1317 6.219446966775715E-7
1319 1.243889393355143E-6
1321 3.1097234833878574E-7
1322 3.1097234833878574E-7
1323 3.1097234833878574E-7
1324 3.1097234833878574E-7
1328 3.1097234833878574E-7
1329 3.1097234833878574E-7
1330 9.329170450163572E-7
1332 3.1097234833878574E-7
1333 3.1097234833878574E-7
1335 9.329170450163572E-7
1338 9.329170450163572E-7
1340 9.329170450163572E-7
1341 6.219446966775715E-7
1342 6.219446966775715E-7
1343 3.1097234833878574E-7
1344 3.1097234833878574E-7
1345 6.219446966775715E-7
1346 9.329170450163572E-7
1349 3.1097234833878574E-7
1351 3.1097234833878574E-7
1353 3.1097234833878574E-7
1356 3.1097234833878574E-7
1359 3.1097234833878574E-7
1360 3.1097234833878574E-7
1361 3.1097234833878574E-7
1362 3.1097234833878574E-7
1363 3.1097234833878574E-7
1364 6.219446966775715E-7
1366 9.329170450163572E-7
1368 3.1097234833878574E-7
1369 6.219446966775715E-7
1370 3.1097234833878574E-7
1372 6.219446966775715E-7
1375 6.219446966775715E-7
1377 3.1097234833878574E-7
1380 3.1097234833878574E-7
1381 3.1097234833878574E-7
1382 3.1097234833878574E-7
1383 3.1097234833878574E-7
1384 3.1097234833878574E-7
1386 3.1097234833878574E-7
1389 6.219446966775715E-7
1390 3.1097234833878574E-7
1391 6.219446966775715E-7
1392 9.329170450163572E-7
1394 3.1097234833878574E-7
1396 9.329170450163572E-7
1398 3.1097234833878574E-7
1401 6.219446966775715E-7
1403 3.1097234833878574E-7
1404 9.329170450163572E-7
1405 6.219446966775715E-7
1408 6.219446966775715E-7
1409 3.1097234833878574E-7
1410 6.219446966775715E-7
1411 3.1097234833878574E-7
1413 6.219446966775715E-7
1415 3.1097234833878574E-7
1416 6.219446966775715E-7
1417 3.1097234833878574E-7
1418 6.219446966775715E-7
1421 6.219446966775715E-7
1422 3.1097234833878574E-7
1424 6.219446966775715E-7
1425 3.1097234833878574E-7
1427 3.1097234833878574E-7
1431 6.219446966775715E-7
1432 9.329170450163572E-7
1433 3.1097234833878574E-7
1434 3.1097234833878574E-7
1437 6.219446966775715E-7
1439 3.1097234833878574E-7
1441 3.1097234833878574E-7
1443 6.219446966775715E-7
1444 3.1097234833878574E-7
1445 6.219446966775715E-7
1446 3.1097234833878574E-7
1448 3.1097234833878574E-7
1449 6.219446966775715E-7
1452 6.219446966775715E-7
1453 3.1097234833878574E-7
1455 3.1097234833878574E-7
1456 3.1097234833878574E-7
1458 6.219446966775715E-7
1459 3.1097234833878574E-7
1461 3.1097234833878574E-7
1462 3.1097234833878574E-7
1463 6.219446966775715E-7
1467 6.219446966775715E-7
1468 3.1097234833878574E-7
1470 3.1097234833878574E-7
1471 9.329170450163572E-7
1473 6.219446966775715E-7
1474 6.219446966775715E-7
1475 9.329170450163572E-7
1478 6.219446966775715E-7
1481 3.1097234833878574E-7
1483 6.219446966775715E-7
1484 3.1097234833878574E-7
1490 6.219446966775715E-7
1491 3.1097234833878574E-7
1492 3.1097234833878574E-7
1494 3.1097234833878574E-7
1495 3.1097234833878574E-7
1499 3.1097234833878574E-7
1502 3.1097234833878574E-7
1504 3.1097234833878574E-7
1506 3.1097234833878574E-7
1507 3.1097234833878574E-7
1508 6.219446966775715E-7
1509 3.1097234833878574E-7
1512 6.219446966775715E-7
1513 3.1097234833878574E-7
1514 6.219446966775715E-7
1515 3.1097234833878574E-7
1516 3.1097234833878574E-7
1518 3.1097234833878574E-7
1520 3.1097234833878574E-7
1521 3.1097234833878574E-7
1522 3.1097234833878574E-7
1523 3.1097234833878574E-7
1526 3.1097234833878574E-7
1532 3.1097234833878574E-7
1534 3.1097234833878574E-7
1536 3.1097234833878574E-7
1541 3.1097234833878574E-7
1542 6.219446966775715E-7
1544 3.1097234833878574E-7
1546 3.1097234833878574E-7
1547 6.219446966775715E-7
1549 6.219446966775715E-7
1551 6.219446966775715E-7
1552 3.1097234833878574E-7
1554 6.219446966775715E-7
1557 3.1097234833878574E-7
1561 3.1097234833878574E-7
1563 3.1097234833878574E-7
1568 3.1097234833878574E-7
1572 3.1097234833878574E-7
1573 3.1097234833878574E-7
1576 6.219446966775715E-7
1589 3.1097234833878574E-7
1590 3.1097234833878574E-7
1592 3.1097234833878574E-7
1593 3.1097234833878574E-7
1598 6.219446966775715E-7
1602 3.1097234833878574E-7
1603 3.1097234833878574E-7
1604 3.1097234833878574E-7
1611 6.219446966775715E-7
1614 3.1097234833878574E-7
1615 6.219446966775715E-7
1619 3.1097234833878574E-7
1620 6.219446966775715E-7
1625 6.219446966775715E-7
1626 6.219446966775715E-7
1629 3.1097234833878574E-7
1631 3.1097234833878574E-7
1632 3.1097234833878574E-7
1634 3.1097234833878574E-7
1636 3.1097234833878574E-7
1637 3.1097234833878574E-7
1641 3.1097234833878574E-7
1643 3.1097234833878574E-7
1646 3.1097234833878574E-7
1647 3.1097234833878574E-7
1648 3.1097234833878574E-7
1649 3.1097234833878574E-7
1651 6.219446966775715E-7
1653 3.1097234833878574E-7
1655 6.219446966775715E-7
1657 3.1097234833878574E-7
1659 3.1097234833878574E-7
1661 3.1097234833878574E-7
1662 9.329170450163572E-7
1663 3.1097234833878574E-7
1664 6.219446966775715E-7
1667 3.1097234833878574E-7
1668 3.1097234833878574E-7
1671 3.1097234833878574E-7
1676 3.1097234833878574E-7
1678 3.1097234833878574E-7
1679 3.1097234833878574E-7
1682 3.1097234833878574E-7
1684 3.1097234833878574E-7
1686 6.219446966775715E-7
1690 3.1097234833878574E-7
1691 3.1097234833878574E-7
1692 3.1097234833878574E-7
1693 3.1097234833878574E-7
1699 3.1097234833878574E-7
1701 3.1097234833878574E-7
1704 3.1097234833878574E-7
1707 3.1097234833878574E-7
1709 3.1097234833878574E-7
1710 3.1097234833878574E-7
1712 3.1097234833878574E-7
1717 3.1097234833878574E-7
1725 3.1097234833878574E-7
1727 3.1097234833878574E-7
1728 3.1097234833878574E-7
1729 6.219446966775715E-7
1731 3.1097234833878574E-7
1735 3.1097234833878574E-7
1736 3.1097234833878574E-7
1737 3.1097234833878574E-7
1739 3.1097234833878574E-7
1744 3.1097234833878574E-7
1745 6.219446966775715E-7
1747 3.1097234833878574E-7
1752 3.1097234833878574E-7
1756 3.1097234833878574E-7
1759 6.219446966775715E-7
1760 3.1097234833878574E-7
1762 3.1097234833878574E-7
1767 3.1097234833878574E-7
1768 3.1097234833878574E-7
1773 3.1097234833878574E-7
1782 6.219446966775715E-7
1793 3.1097234833878574E-7
1795 3.1097234833878574E-7
1796 3.1097234833878574E-7
1797 3.1097234833878574E-7
1798 3.1097234833878574E-7
1805 3.1097234833878574E-7
1808 6.219446966775715E-7
1811 3.1097234833878574E-7
1819 3.1097234833878574E-7
1824 3.1097234833878574E-7
1827 6.219446966775715E-7
1830 3.1097234833878574E-7
1834 3.1097234833878574E-7
1837 3.1097234833878574E-7
1840 3.1097234833878574E-7
1845 3.1097234833878574E-7
1851 3.1097234833878574E-7
1857 3.1097234833878574E-7
1858 3.1097234833878574E-7
1859 3.1097234833878574E-7
1861 3.1097234833878574E-7
1869 3.1097234833878574E-7
1870 3.1097234833878574E-7
1871 3.1097234833878574E-7
1873 6.219446966775715E-7
1880 3.1097234833878574E-7
1883 3.1097234833878574E-7
1900 3.1097234833878574E-7
1904 3.1097234833878574E-7
1907 3.1097234833878574E-7
1909 3.1097234833878574E-7
1913 6.219446966775715E-7
1916 3.1097234833878574E-7
1918 3.1097234833878574E-7
1919 3.1097234833878574E-7
1928 3.1097234833878574E-7
1930 3.1097234833878574E-7
1931 3.1097234833878574E-7
1934 3.1097234833878574E-7
1935 3.1097234833878574E-7
1937 3.1097234833878574E-7
1943 6.219446966775715E-7
1946 3.1097234833878574E-7
1947 3.1097234833878574E-7
1950 3.1097234833878574E-7
1954 3.1097234833878574E-7
1963 3.1097234833878574E-7
1964 3.1097234833878574E-7
1967 3.1097234833878574E-7
1970 6.219446966775715E-7
1975 3.1097234833878574E-7
1977 3.1097234833878574E-7
1980 3.1097234833878574E-7
1983 3.1097234833878574E-7
1987 3.1097234833878574E-7
1988 3.1097234833878574E-7
1989 6.219446966775715E-7
2007 3.1097234833878574E-7
2010 3.1097234833878574E-7
2012 6.219446966775715E-7
2014 3.1097234833878574E-7
2018 3.1097234833878574E-7
2022 3.1097234833878574E-7
2024 3.1097234833878574E-7
2026 3.1097234833878574E-7
2030 3.1097234833878574E-7
2042 3.1097234833878574E-7
2051 3.1097234833878574E-7
2052 3.1097234833878574E-7
2059 3.1097234833878574E-7
2061 3.1097234833878574E-7
2070 3.1097234833878574E-7
2075 3.1097234833878574E-7
2078 3.1097234833878574E-7
2082 3.1097234833878574E-7
2083 3.1097234833878574E-7
2088 3.1097234833878574E-7
2104 3.1097234833878574E-7
2113 6.219446966775715E-7
2123 3.1097234833878574E-7
2125 3.1097234833878574E-7
2128 3.1097234833878574E-7
2129 3.1097234833878574E-7
2134 3.1097234833878574E-7
2142 3.1097234833878574E-7
2146 3.1097234833878574E-7
2160 3.1097234833878574E-7
2161 3.1097234833878574E-7
2175 3.1097234833878574E-7
2180 3.1097234833878574E-7
2187 3.1097234833878574E-7
2188 3.1097234833878574E-7
2200 3.1097234833878574E-7
2204 3.1097234833878574E-7
2207 3.1097234833878574E-7
2208 3.1097234833878574E-7
2209 3.1097234833878574E-7
2217 3.1097234833878574E-7
2250 3.1097234833878574E-7
2259 3.1097234833878574E-7
2267 3.1097234833878574E-7
2273 3.1097234833878574E-7
2275 3.1097234833878574E-7
2281 3.1097234833878574E-7
2289 3.1097234833878574E-7
2290 3.1097234833878574E-7
2291 3.1097234833878574E-7
2294 3.1097234833878574E-7
2296 3.1097234833878574E-7
2297 3.1097234833878574E-7
2321 3.1097234833878574E-7
2335 3.1097234833878574E-7
2341 3.1097234833878574E-7
2349 3.1097234833878574E-7
2351 3.1097234833878574E-7
2352 3.1097234833878574E-7
2357 3.1097234833878574E-7
2363 3.1097234833878574E-7
2369 3.1097234833878574E-7
2374 3.1097234833878574E-7
2385 3.1097234833878574E-7
2402 3.1097234833878574E-7
2414 3.1097234833878574E-7
2419 3.1097234833878574E-7
2420 3.1097234833878574E-7
2422 3.1097234833878574E-7
2426 3.1097234833878574E-7
2446 3.1097234833878574E-7
2447 3.1097234833878574E-7
2466 3.1097234833878574E-7
2472 3.1097234833878574E-7
2479 3.1097234833878574E-7
2481 3.1097234833878574E-7
2515 6.219446966775715E-7
2533 3.1097234833878574E-7
2542 3.1097234833878574E-7
2552 3.1097234833878574E-7
2557 3.1097234833878574E-7
2558 3.1097234833878574E-7
2562 3.1097234833878574E-7
2563 6.219446966775715E-7
2589 3.1097234833878574E-7
2594 3.1097234833878574E-7
2598 3.1097234833878574E-7
2600 3.1097234833878574E-7
2605 3.1097234833878574E-7
2611 3.1097234833878574E-7
2712 3.1097234833878574E-7
2713 3.1097234833878574E-7
2723 3.1097234833878574E-7
2735 3.1097234833878574E-7
2741 3.1097234833878574E-7
2742 3.1097234833878574E-7
2759 6.219446966775715E-7
2765 3.1097234833878574E-7
2800 3.1097234833878574E-7
2803 3.1097234833878574E-7
2825 3.1097234833878574E-7
2860 3.1097234833878574E-7
2882 3.1097234833878574E-7
2927 3.1097234833878574E-7
2944 3.1097234833878574E-7
2945 3.1097234833878574E-7
2950 3.1097234833878574E-7
2979 3.1097234833878574E-7
2994 3.1097234833878574E-7
2997 3.1097234833878574E-7
2998 3.1097234833878574E-7
3003 3.1097234833878574E-7
3015 3.1097234833878574E-7
3052 3.1097234833878574E-7
3219 3.1097234833878574E-7
3225 3.1097234833878574E-7
3229 3.1097234833878574E-7
3497 3.1097234833878574E-7
3625 3.1097234833878574E-7
3806 3.1097234833878574E-7
3865 3.1097234833878574E-7
4050 3.1097234833878574E-7
4113 3.1097234833878574E-7
4117 3.1097234833878574E-7
4174 3.1097234833878574E-7
4312 3.1097234833878574E-7
4391 3.1097234833878574E-7
4457 3.1097234833878574E-7
5140 3.1097234833878574E-7
6503 3.1097234833878574E-7